First 4x4 pixels of the image BGR format:

[[[ 18  21  18][ 17  20  17][ 16  20  21][ 17  21  23]]
 [[ 18  21  18][ 18  21  18][ 16  20  21][ 16  20  21]]
 [[  6   6   0][  3   3   0][  6   3   0][ 11   8   4]]
 [[122 122 115][138 138 131][141 138 134][103 100  96]]]

First 4x4 pixels of the image YCC format:

[[[19.76 -0.76 -0.49], [18.76 -0.76 -0.49], [19.84 1.32 -1.67], [21.14 1.82 -1.84]]
 [[19.76 -0.76 -0.49], [19.76 -0.76 -0.49], [19.84 1.32 -1.67], [19.84 1.32 -1.67]]
 [[4.21 -2.5 1.51], [ 2.1 -1. 1.01], [2.45 -1.24 2.51], [7.15 -1.74 2.67]]
 [[119.91 -3. 1.68], [135.91 -3. 1.68], [137.15 -1.74 2.67], [ 99.15 -1.74 2.67]]]

First 8x8 pixel's Luminance, The first block of the Image

[[ 19.76  18.76  19.84  21.14  21.14  19.84  18.84  19.84]
 [ 19.76  19.76  19.84  19.84  21.14  21.14  19.84  19.84]
 [  4.21   2.1    2.45   7.15  11.4    5.99   0.59   0.59]
 [119.91 135.91 137.15  99.15  89.4  122.29 130.13 137.13]
 [236.39 255.   255.   191.76 133.81 192.4  250.94 255.  ]
 [206.8  212.8  208.35 165.35 110.4  123.4  199.85 253.16]
 [159.18 104.76 100.14 129.14 127.89 114.89 165.16 236.58]
 [114.18  79.18  88.44 113.03 123.47 123.47 153.74 226.06]]

DCT of this block

[[ 842.  -48.  119.  -65.   11.   12.    9.   -1.]
 [-463.   70.  -93.   44.  -43.   -8.   -4.   -1.]
 [-269.  -67.  -36.   35.   69.  -11.   -1.    4.]
 [ 236.   43.   53.  -44.  -22.   15.   -6.   -1.]
 [ 139.  -10.    1.   -0.  -31.    1.    9.   -4.]
 [ -83.  -14.  -11.   19.   26.   -7.    0.    3.]
 [ -70.   16.   -4.  -15.   -3.   -3.   -2.    1.]
 [  -8.   -5.   -2.   12.    5.    9.   -2.   -1.]]

Quantization Matrix
[[16, 11, 10, 16, 24, 40, 51, 61]
 [12, 12, 14, 19, 26, 58, 60, 55]
 [14, 13, 16, 24, 40, 57, 69, 56]
 [14, 17, 22, 29, 51, 87, 80, 62]
 [18, 22, 37, 56, 68, 109, 103, 77]
 [24, 35, 55, 64, 81, 104, 113, 92]
 [49, 64, 78, 87, 103, 121, 120, 101]
 [72, 92, 95, 98, 112, 100, 103, 99]]

After Quantization (Scale 1)

[[ 53  -4  12  -4   0   0   0   0]
 [-39   6  -7   2  -2   0   0   0]
 [-19  -5  -2   1   2   0   0   0]
 [ 17   3   2  -2   0   0   0   0]
 [  8   0   0   0   0   0   0   0]
 [ -3   0   0   0   0   0   0   0]
 [ -1   0   0   0   0   0   0   0]
 [  0   0   0   0   0   0   0   0]]

 After Quantization (Scale 2)

[[ 26  -2   6  -2   0   0   0   0]
 [-19   3  -3   1  -1   0   0   0]
 [-10  -3  -1   1   1   0   0   0]
 [  8   1   1  -1   0   0   0   0]
 [  4   0   0   0   0   0   0   0]
 [ -2   0   0   0   0   0   0   0]
 [ -1   0   0   0   0   0   0   0]
 [  0   0   0   0   0   0   0   0]]

Run Length Coding
[(53, 1), (-4, 1), (-39, 1), ... ,(0, 38)]
[(26, 1), (-2, 1), (-19, 1), ... ,(0, 38)]

This is Written to File

For Decompression:
We read Run Length Coding pattern and get Quantized Block (Scale 1)

[[ 53  -4  12  -4   0   0   0   0]
 [-39   6  -7   2  -2   0   0   0]
 [-19  -5  -2   1   2   0   0   0]
 [ 17   3   2  -2   0   0   0   0]
 [  8   0   0   0   0   0   0   0]
 [ -3   0   0   0   0   0   0   0]
 [ -1   0   0   0   0   0   0   0]
 [  0   0   0   0   0   0   0   0]]

 After De-quantization we get DCT

[[ 848.  -44.  120.  -64.    0.    0.    0.    0.]
 [-468.   72.  -98.   38.  -52.    0.    0.    0.]
 [-266.  -65.  -32.   24.   80.    0.    0.    0.]
 [ 238.   51.   44.  -58.    0.    0.    0.    0.]
 [ 144.    0.    0.    0.    0.    0.    0.    0.]
 [ -72.    0.    0.    0.    0.    0.    0.    0.]
 [ -49.    0.    0.    0.    0.    0.    0.    0.]
 [   0.    0.    0.    0.    0.    0.    0.    0.]]

After IDCT we get YCC Block

[[ 25.36  25.76  31.75  34.83  23.25   8.99  13.35  28.8 ]
 [  7.16  12.46  14.88  14.05  16.54  19.92  15.65   7.3 ]
 [ -1.44  14.22  10.81  -6.19   1.94  26.88  23.28  -3.26]
 [119.98 146.7  137.59  94.01  84.86 119.89 137.9  124.35]
 [234.42 261.45 249.27 190.07 156.12 184.76 233.03 257.73]
 [205.77 213.88 202.38 161.01 123.85 136.38 199.39 258.97]
 [150.76 126.87 118.56 123.81 112.2  109.25 163.19 235.53]
 [126.49  77.52  72.02 117.76 134.31 122.79 161.23 231.66]]

First 4x4 pixels of the uncompressed image BGR format:

[[[ 26  27  20], [ 25  27  22], [ 28  32  30], [ 29  35  36]]
 [[  8   6   7], [ 12  11  13], [ 14  13  18], [ 12  11  18]]
 [[  0   6   0], [ 17  22   0], [ 14  18   0], [  0   0   0]]
 [[123 117 122], [152 144 149], [144 134 141], [101  89  99]]]

Comparision Images (Left Side Raw, Right Side compressed)


Video Sizes:
1) akiyo:-
    Raw 45.6 MB
    Compression Scale 1: 13.2 MB
    Compression Scale 2: 9.7 MB
    Compression Scale 4: 7.4 MB
    Compression Scale 8: 6.0 MB
    With Previous Frame Difference: 3.8 MB
    MPEG-4: 651.6 KB

1) stefan:-
    Raw 13.7 MB
    Compression Scale 1: 8.1 MB
    Compression Scale 2: 6.0 MB
    Compression Scale 4: 4.3 MB
    Compression Scale 8: 3.0 MB
    With Previous Frame Difference: 7.4 MB
    MPEG-4: 1.6 MB
